1 17510 0.6869384050369263 0.06279902905225754 0.05986282229423523 0.11859454959630966 0.13978862762451172 20.264955520629883 0.055003829300403595
1 17520 0.6769808530807495 0.07479087263345718 0.04680943489074707 0.10127263516187668 0.12510305643081665 21.556747436523438 0.042286258190870285
2 17530 0.6875588893890381 0.07168330252170563 0.04373534023761749 0.09160969406366348 0.10556472837924957 22.942975997924805 0.04174458608031273
2 17540 0.684887170791626 0.07323849201202393 0.04304194450378418 0.09083924442529678 0.0881250724196434 22.40464210510254 0.04111365228891373
3 17550 0.6806980967521667 0.06575857847929001 0.057889264076948166 0.11652562767267227 0.16686977446079254 21.02196502685547 0.04868316650390625
3 17560 0.673484206199646 0.07380907237529755 0.05596240982413292 0.11522214859724045 0.16927213966846466 20.296764373779297 0.05424842610955238
3 17570 0.6741881370544434 0.07118606567382812 0.0630321353673935 0.1324787586927414 0.17499029636383057 19.58259391784668 0.056526411324739456
4 17580 0.6888040900230408 0.07033204287290573 0.04136188328266144 0.08291485160589218 0.09091409295797348 23.028858184814453 0.03928811475634575
4 17590 0.6899648904800415 0.07354012131690979 0.029634719714522362 0.062425803393125534 0.04152117669582367 25.78414535522461 0.027916399762034416
5 17600 0.6774940490722656 0.07337476313114166 0.049090974032878876 0.09924454241991043 0.12058965861797333 22.131813049316406 0.04257573187351227
5 17610 0.679753839969635 0.07823894917964935 0.061415474861860275 0.12620951235294342 0.15108272433280945 20.344636917114258 0.05508244410157204
5 17620 0.6830419301986694 0.07027845829725266 0.058916158974170685 0.12266283482313156 0.1281883418560028 19.834962844848633 0.055541809648275375
6 17630 0.6873679757118225 0.06887323409318924 0.04805837199091911 0.09419269859790802 0.09807831794023514 20.852962493896484 0.04788006469607353
6 17640 0.6778558492660522 0.07314352691173553 0.06159760802984238 0.1254580318927765 0.12326166033744812 20.06243133544922 0.05578432232141495
7 17650 0.6781065464019775 0.07219573110342026 0.04316554218530655 0.09044560045003891 0.10671236366033554 22.27191734313965 0.04018726572394371
7 17660 0.6784941554069519 0.07046597450971603 0.059286948293447495 0.1287868469953537 0.14315438270568848 20.008058547973633 0.055705662816762924
8 17670 0.6760586500167847 0.06955396384000778 0.06388090550899506 0.12859971821308136 0.1513558179140091 19.7198486328125 0.057502295821905136
8 17680 0.6882598400115967 0.07119863480329514 0.0336189866065979 0.07700460404157639 0.07107782363891602 24.31458282470703 0.03152478113770485
8 17690 0.6878937482833862 0.0782993957400322 0.040871478617191315 0.0890684574842453 0.10363798588514328 22.24846839904785 0.04028230160474777
9 17700 0.6970540285110474 0.08459079265594482 0.04585893079638481 0.09575255960226059 0.10645094513893127 21.84124183654785 0.044481296092271805
9 17710 0.6765475869178772 0.06486039608716965 0.05961993336677551 0.1317225694656372 0.16632521152496338 19.91501808166504 0.05290411412715912
10 17720 0.6853995323181152 0.0783529207110405 0.054449401795864105 0.11342944949865341 0.12212441861629486 21.128753662109375 0.04834349453449249
10 17730 0.6735755205154419 0.06922861188650131 0.052497804164886475 0.10519670695066452 0.12960733473300934 21.000410079956055 0.048328135162591934
10 17740 0.6925696134567261 0.07051019370555878 0.044151853770017624 0.08422918617725372 0.08157487958669662 23.427637100219727 0.03939954936504364
11 17750 0.6820526123046875 0.0641820952296257 0.05041215568780899 0.10398008674383163 0.0957365408539772 20.98149871826172 0.04458818957209587
11 17760 0.6789765357971191 0.07767070084810257 0.05210862681269646 0.11123309284448624 0.13063552975654602 21.186037063598633 0.049420371651649475
12 17770 0.6988993883132935 0.08712740987539291 0.05172213912010193 0.1059844046831131 0.09081662446260452 21.092409133911133 0.04533415660262108
12 17780 0.6856433749198914 0.07471366971731186 0.048070766031742096 0.10651647299528122 0.10727746784687042 21.92332649230957 0.04584120213985443
13 17790 0.6860617399215698 0.0649869367480278 0.049421604722738266 0.10411260277032852 0.09338635206222534 21.40174102783203 0.04551097750663757
13 17800 0.6812630295753479 0.07247494906187057 0.053598206490278244 0.12478306144475937 0.14477847516536713 20.719097137451172 0.04848596453666687
13 17810 0.6832234859466553 0.0705767497420311 0.05526570603251457 0.11461243778467178 0.14968277513980865 21.455671310424805 0.04715339466929436
14 17820 0.6856853365898132 0.07089316099882126 0.03910823538899422 0.0841229110956192 0.07215090095996857 23.429140090942383 0.03627679869532585
14 17830 0.6836435794830322 0.07043899595737457 0.03761860355734825 0.08390282839536667 0.0779559314250946 23.670146942138672 0.03569496050477028
15 17840 0.6842359304428101 0.06920977681875229 0.03594609349966049 0.08516472578048706 0.06793348491191864 23.421144485473633 0.037674177438020706
15 17850 0.68370521068573 0.06889118999242783 0.04414774104952812 0.08863113820552826 0.06968578696250916 23.018718719482422 0.03688083216547966
15 17860 0.6826316714286804 0.06851529330015182 0.046750348061323166 0.09973680227994919 0.08432884514331818 21.738147735595703 0.0423000305891037
16 17870 0.6858432292938232 0.07330457121133804 0.04444580525159836 0.09836117178201675 0.0984448790550232 21.9227294921875 0.04199398308992386
16 17880 0.6811559200286865 0.06651255488395691 0.05369409918785095 0.11452727764844894 0.1051836907863617 21.0733642578125 0.05014645308256149
17 17890 0.6880164742469788 0.07243489474058151 0.03638731688261032 0.08164102584123611 0.06110421195626259 23.837656021118164 0.033976130187511444
17 17900 0.6835821866989136 0.07489114254713058 0.047733139246702194 0.1006428524851799 0.07960435003042221 21.571887969970703 0.044182050973176956
18 17910 0.6830319166183472 0.0711643323302269 0.0495835542678833 0.10479270666837692 0.09970167279243469 21.616880416870117 0.043822772800922394
18 17920 0.6845239996910095 0.0682801827788353 0.042334817349910736 0.09328059107065201 0.08075573295354843 22.383241653442383 0.04058733582496643
18 17930 0.6827923059463501 0.07224026322364807 0.047271087765693665 0.10348045080900192 0.09025176614522934 22.156827926635742 0.04256682097911835
19 17940 0.6873035430908203 0.06732030212879181 0.04816434532403946 0.10345306247472763 0.1181502565741539 21.60688591003418 0.04559598118066788
19 17950 0.6873629093170166 0.07841061800718307 0.04164006933569908 0.08295784145593643 0.06277456879615784 23.535701751708984 0.035338934510946274
20 17960 0.687902569770813 0.06947153806686401 0.03536514192819595 0.07725747674703598 0.049882784485816956 25.184123992919922 0.0320889875292778
20 17970 0.679554283618927 0.07322552055120468 0.06548475474119186 0.13566844165325165 0.1213914304971695 19.906280517578125 0.057086002081632614
20 17980 0.6940053105354309 0.06499829143285751 0.03364262357354164 0.07048601657152176 0.0599135123193264 23.793380737304688 0.03349214047193527
21 17990 0.6814296841621399 0.07384828478097916 0.05257587879896164 0.1074453741312027 0.09898102283477783 21.263639450073242 0.044703785330057144
21 18000 0.6817992925643921 0.0700683519244194 0.034318771213293076 0.08343908935785294 0.08728273957967758 23.824813842773438 0.03193379193544388
22 18010 0.7034004926681519 0.0848337933421135 0.0371205136179924 0.08519778400659561 0.06906523555517197 23.67780113220215 0.03298085555434227
22 18020 0.6836761236190796 0.06847760081291199 0.036708444356918335 0.0783320888876915 0.06206440553069115 23.12318229675293 0.03725549951195717
23 18030 0.6869887113571167 0.06751777231693268 0.03772515058517456 0.08262739330530167 0.0660235807299614 24.468708038330078 0.03290266543626785
23 18040 0.6765416860580444 0.06843983381986618 0.042075179517269135 0.10160018503665924 0.086686871945858 21.927709579467773 0.03747788071632385
23 18050 0.6885484457015991 0.07025599479675293 0.040843721479177475 0.0882611870765686 0.06316767632961273 22.73626136779785 0.03908915817737579
24 18060 0.6897159814834595 0.07129880040884018 0.04219919443130493 0.09144163876771927 0.06492626667022705 23.30014991760254 0.037378448992967606
24 18070 0.6872059106826782 0.06854882091283798 0.02581569366157055 0.06349456310272217 0.043366316705942154 26.448244094848633 0.02341070957481861
25 18080 0.6845887899398804 0.06723005324602127 0.04904090613126755 0.10599406063556671 0.0900103747844696 21.817668914794922 0.04298565536737442
25 18090 0.6851367950439453 0.07001468539237976 0.046965062618255615 0.10519953072071075 0.09625381231307983 21.760211944580078 0.04457983374595642
25 18100 0.6773028373718262 0.06196356937289238 0.07034680992364883 0.1594400554895401 0.15685659646987915 18.783334732055664 0.06046127900481224
26 18110 0.6845625042915344 0.06579885631799698 0.0581163689494133 0.11424612998962402 0.10342881083488464 20.316843032836914 0.05026454105973244
26 18120 0.6803491115570068 0.0748010203242302 0.04462958499789238 0.10130041092634201 0.09481118619441986 22.285802841186523 0.040678828954696655
27 18130 0.6749790906906128 0.07130714505910873 0.05103933811187744 0.11160819977521896 0.10149881988763809 20.747817993164062 0.04926557093858719
27 18140 0.683063268661499 0.0695042833685875 0.042485736310482025 0.09903346002101898 0.07897912710905075 22.487951278686523 0.038182612508535385
28 18150 0.6753036379814148 0.07237139344215393 0.052839141339063644 0.12135284394025803 0.11851713061332703 20.5388126373291 0.048348940908908844
28 18160 0.684614360332489 0.06936724483966827 0.03998055309057236 0.08656753599643707 0.06867118924856186 23.020484924316406 0.036242298781871796
28 18170 0.6907944083213806 0.0639878660440445 0.04727927967905998 0.10606201738119125 0.08790997415781021 21.88994598388672 0.041387420147657394
29 18180 0.6854580640792847 0.06939975917339325 0.034124262630939484 0.08091893792152405 0.060835305601358414 24.457565307617188 0.033909719437360764
29 18190 0.6908530592918396 0.07165022194385529 0.026703951880335808 0.0596763975918293 0.041533343493938446 28.62093734741211 0.026183459907770157
30 18200 0.6870015859603882 0.0698741227388382 0.04547463357448578 0.0971887931227684 0.09484093636274338 22.476871490478516 0.03926509618759155
30 18210 0.6768488883972168 0.07147954404354095 0.05844636261463165 0.12972916662693024 0.12529833614826202 20.47231101989746 0.04962126538157463
30 18220 0.6827889680862427 0.07099981606006622 0.06093408167362213 0.1302761286497116 0.1363857537508011 19.882612228393555 0.05482751876115799
31 18230 0.6771777868270874 0.06757746636867523 0.05690893530845642 0.1335616111755371 0.1217273399233818 19.995012283325195 0.05090291425585747
31 18240 0.6807597875595093 0.07083486765623093 0.04502984508872032 0.10570192337036133 0.10024208575487137 22.31853675842285 0.03843070939183235
32 18250 0.6870561242103577 0.07255765050649643 0.04091889411211014 0.09563399106264114 0.0727461576461792 22.673465728759766 0.03539947047829628
32 18260 0.6883247494697571 0.07159333676099777 0.038576241582632065 0.0866381973028183 0.06103380396962166 23.329872131347656 0.03630702197551727
33 18270 0.6893705129623413 0.06874525547027588 0.04621697589755058 0.10085805505514145 0.08943530172109604 22.024831771850586 0.04088583588600159
33 18280 0.6822539567947388 0.06986899673938751 0.04605644941329956 0.10322868824005127 0.09950520843267441 21.575794219970703 0.04247798025608063
33 18290 0.6843885183334351 0.06933660805225372 0.032540034502744675 0.07642191648483276 0.06463434547185898 24.57976531982422 0.031860075891017914
34 18300 0.6857205629348755 0.06900706887245178 0.03851069509983063 0.0830431804060936 0.06215791031718254 23.276477813720703 0.034723903983831406
34 18310 0.6822893023490906 0.06481989473104477 0.05466402694582939 0.122140072286129 0.10084483027458191 20.817459106445312 0.05102958902716637
35 18320 0.6908156871795654 0.06329799443483353 0.048361219465732574 0.09379267692565918 0.07778289914131165 22.039470672607422 0.042183857411146164
35 18330 0.6815147399902344 0.06873496621847153 0.05034980922937393 0.10237967222929001 0.08738458156585693 21.346500396728516 0.04511520639061928
35 18340 0.6805895566940308 0.07157130539417267 0.05238878354430199 0.11782639473676682 0.108784519135952 20.61614418029785 0.04859011620283127
36 18350 0.6808732748031616 0.06998320668935776 0.044332534074783325 0.09958498179912567 0.07432382553815842 22.166357040405273 0.04316798597574234
36 18360 0.6793696880340576 0.0699022188782692 0.049579083919525146 0.10636086761951447 0.09087207913398743 20.884071350097656 0.04394301772117615
37 18370 0.6871484518051147 0.0711192786693573 0.03985732048749924 0.08901979774236679 0.06252521276473999 23.113367080688477 0.035645779222249985
37 18380 0.6870911121368408 0.07727941870689392 0.04580875486135483 0.1033993512392044 0.07802557200193405 22.434711456298828 0.04017157107591629
38 18390 0.6850999593734741 0.07030634582042694 0.038067527115345 0.08476423472166061 0.06053927168250084 23.860733032226562 0.0314178429543972
38 18400 0.6898765563964844 0.06801789253950119 0.02989671193063259 0.06455626338720322 0.04536330699920654 25.401241302490234 0.02945355698466301
38 18410 0.6931027173995972 0.08112315833568573 0.04726376384496689 0.10627424716949463 0.08774587512016296 21.4296875 0.0428888164460659
39 18420 0.6802597045898438 0.06818921118974686 0.05324258655309677 0.11291962116956711 0.09992529451847076 21.17240333557129 0.04636085778474808
39 18430 0.691829264163971 0.062286801636219025 0.04472644254565239 0.09965822100639343 0.07925444841384888 22.158226013183594 0.042515117675065994
40 18440 0.6883721351623535 0.06553713232278824 0.03874629735946655 0.09003323316574097 0.06728368997573853 22.977231979370117 0.035065434873104095
40 18450 0.6810580492019653 0.06622327119112015 0.044157035648822784 0.09854944050312042 0.09601909667253494 22.50687599182129 0.040252685546875
40 18460 0.6825089454650879 0.06621982157230377 0.05270946025848389 0.12317270040512085 0.1099575012922287 20.739606857299805 0.049330513924360275
41 18470 0.6851449608802795 0.0712517723441124 0.04178565368056297 0.09052848815917969 0.06756176054477692 22.857921600341797 0.039936523884534836
41 18480 0.6847051382064819 0.07076137512922287 0.04625683277845383 0.10482490062713623 0.08517226576805115 22.10187530517578 0.042508721351623535
42 18490 0.681540310382843 0.06856977194547653 0.0443989560008049 0.10014307498931885 0.08253128081560135 22.106464385986328 0.040024977177381516
42 18500 0.68442702293396 0.06358339637517929 0.048698246479034424 0.11392123997211456 0.10216443985700607 21.494945526123047 0.04244580492377281
43 18510 0.6822206377983093 0.06879065930843353 0.04462573677301407 0.10393830388784409 0.07903507351875305 21.923343658447266 0.04082188755273819
43 18520 0.6808502674102783 0.07139109075069427 0.02813921682536602 0.059221841394901276 0.03640405833721161 27.175907135009766 0.023550206795334816
43 18530 0.688088059425354 0.07435891032218933 0.038355931639671326 0.0839727520942688 0.06982026249170303 23.688907623291016 0.03642294555902481
44 18540 0.6851905584335327 0.06836704164743423 0.03407049924135208 0.08449205756187439 0.060240134596824646 23.235763549804688 0.03469502925872803
44 18550 0.6850472092628479 0.06707409024238586 0.04138229414820671 0.09521257132291794 0.07591718435287476 22.233814239501953 0.03895753249526024
45 18560 0.6841933727264404 0.0646035298705101 0.04076725244522095 0.09161420166492462 0.06604988873004913 22.248435974121094 0.036996811628341675
45 18570 0.6784654259681702 0.07085762917995453 0.04307308420538902 0.09853548556566238 0.0780707523226738 21.82227897644043 0.04026905447244644
45 18580 0.6909753680229187 0.0794253796339035 0.03818521648645401 0.08472298830747604 0.06971192359924316 23.728649139404297 0.032155368477106094
46 18590 0.6874691843986511 0.0741974338889122 0.03707614541053772 0.08291027694940567 0.06901562958955765 23.61495590209961 0.0332387313246727
46 18600 0.6829744577407837 0.07598584145307541 0.042387813329696655 0.09339282661676407 0.08964725583791733 22.588336944580078 0.038486775010824203
47 18610 0.6834381818771362 0.07127454876899719 0.04866057634353638 0.11112374067306519 0.09344738721847534 21.306568145751953 0.042112983763217926
47 18620 0.6867685317993164 0.06721430271863937 0.043328072875738144 0.09792014211416245 0.07966439425945282 22.243026733398438 0.04065641388297081
48 18630 0.6846611499786377 0.06738708168268204 0.051134876906871796 0.11532957851886749 0.09490309655666351 20.743816375732422 0.04630734398961067
48 18640 0.6853622198104858 0.06705595552921295 0.03480435907840729 0.07659614831209183 0.062077831476926804 24.24966812133789 0.03256954997777939
48 18650 0.6856880187988281 0.06994347274303436 0.03711312264204025 0.08225321024656296 0.06719806790351868 23.73160743713379 0.0342261902987957
49 18660 0.6880661249160767 0.07233802229166031 0.03398818522691727 0.08125079423189163 0.0663166344165802 24.62234115600586 0.03139164298772812
49 18670 0.687401294708252 0.0714404508471489 0.035900749266147614 0.08029525727033615 0.05549433082342148 24.387638092041016 0.03422835096716881
50 18680 0.6970739364624023 0.06229403614997864 0.03329148516058922 0.07582046836614609 0.05377906188368797 24.10778045654297 0.028349051252007484
50 18690 0.6827518343925476 0.07368409633636475 0.04582022875547409 0.10586345195770264 0.08343745768070221 22.180435180664062 0.039479903876781464
50 18700 0.688660740852356 0.07183828204870224 0.040998347103595734 0.08477500081062317 0.067779041826725 23.611146926879883 0.03611712530255318
51 18710 0.679519772529602 0.07259010523557663 0.04325859993696213 0.09856551140546799 0.08325941115617752 22.40424346923828 0.0397416315972805
51 18720 0.6875059604644775 0.07424438744783401 0.03173559531569481 0.07583671808242798 0.06131630018353462 25.122886657714844 0.03074382059276104
52 18730 0.6970961689949036 0.059213846921920776 0.044158097356557846 0.08939123153686523 0.06674824655056 22.454174041748047 0.04132842272520065
52 18740 0.6877574324607849 0.07013598829507828 0.041581157594919205 0.09385626763105392 0.07449454069137573 22.751876831054688 0.03684341162443161
53 18750 0.689194917678833 0.06640049070119858 0.038100458681583405 0.08059530705213547 0.0572117418050766 24.84124755859375 0.029830770567059517
53 18760 0.6837886571884155 0.0702618733048439 0.05387228727340698 0.12566740810871124 0.1063850000500679 20.78509521484375 0.04901977255940437
53 18770 0.6834021806716919 0.07324472814798355 0.048227064311504364 0.11045698076486588 0.08472612500190735 21.503868103027344 0.044286902993917465
54 18780 0.6772884130477905 0.07425172626972198 0.043506890535354614 0.09198905527591705 0.07547590881586075 22.871156692504883 0.03769960254430771
54 18790 0.688805341720581 0.07105587422847748 0.026749175041913986 0.06509473919868469 0.03489557281136513 27.52169418334961 0.026013420894742012
55 18800 0.6793912649154663 0.06826520711183548 0.052522212266922 0.11936717480421066 0.1050306037068367 21.155744552612305 0.046769727021455765
55 18810 0.6850196719169617 0.07339473813772202 0.04763227328658104 0.10625370591878891 0.08728701621294022 21.757165908813477 0.04171546921133995
55 18820 0.6935420036315918 0.061706818640232086 0.042472343891859055 0.09654658287763596 0.07739756256341934 21.693622589111328 0.03795553743839264
56 18830 0.6892092227935791 0.07077673822641373 0.04184051603078842 0.09415794909000397 0.07421843707561493 22.813745498657227 0.03656678646802902
56 18840 0.699752688407898 0.08111151307821274 0.04362403601408005 0.10021183639764786 0.08010195195674896 22.610416412353516 0.039011240005493164
57 18850 0.6805404424667358 0.06939811259508133 0.04635133594274521 0.10802636295557022 0.08668272942304611 21.377056121826172 0.04409506171941757
57 18860 0.688733696937561 0.07289868593215942 0.03276890516281128 0.07783874124288559 0.049539435654878616 24.74138069152832 0.0313880629837513
58 18870 0.6874771118164062 0.06857289373874664 0.03699643537402153 0.08690502494573593 0.06282065063714981 24.01097869873047 0.033126551657915115
58 18880 0.6835995316505432 0.07431767880916595 0.030819013714790344 0.07446523755788803 0.05139853432774544 25.39838218688965 0.027638573199510574
58 18890 0.6847646236419678 0.06725778430700302 0.030744552612304688 0.06582502275705338 0.04673263430595398 25.93328285217285 0.02566753700375557
59 18900 0.6838364601135254 0.084123395383358 0.04680228233337402 0.11187060177326202 0.09544547647237778 21.169178009033203 0.04238919913768768
59 18910 0.6870667338371277 0.06994171440601349 0.04196731746196747 0.09392989426851273 0.06534575670957565 22.199993133544922 0.03654187172651291
60 18920 0.6899616718292236 0.07164469361305237 0.03296343982219696 0.0671679750084877 0.04483739286661148 25.991945266723633 0.030101336538791656
60 18930 0.6805635690689087 0.07157497853040695 0.04472731798887253 0.09770110994577408 0.07576461136341095 21.84866714477539 0.037220023572444916
60 18940 0.6814846992492676 0.07331658899784088 0.04334060847759247 0.10138871520757675 0.07749215513467789 22.14143180847168 0.03918030485510826
61 18950 0.690993070602417 0.06717019528150558 0.025384392589330673 0.05914375185966492 0.03131302818655968 26.76543426513672 0.024527162313461304
61 18960 0.683598518371582 0.06937362998723984 0.05389099940657616 0.11248284578323364 0.11607108265161514 21.123695373535156 0.0503665953874588
62 18970 0.6830697655677795 0.0723961889743805 0.03901654854416847 0.09396364539861679 0.07557212561368942 22.71489143371582 0.03714686632156372
62 18980 0.6824549436569214 0.06767942756414413 0.056340452283620834 0.12465129047632217 0.10985501110553741 20.69010353088379 0.04955674335360527
63 18990 0.6875060796737671 0.06598909944295883 0.04023365676403046 0.09910062700510025 0.07246996462345123 22.25666046142578 0.035798780620098114
63 19000 0.6874829530715942 0.08141188323497772 0.040184181183576584 0.09516290575265884 0.07844750583171844 22.405004501342773 0.03683716058731079
63 19010 0.6853179931640625 0.07162062078714371 0.033683061599731445 0.07530317455530167 0.05885766074061394 24.564489364624023 0.03175441920757294
64 19020 0.6814202070236206 0.06933192908763885 0.054847121238708496 0.12497090548276901 0.09285927563905716 20.32268524169922 0.048485103994607925
64 19030 0.6880069971084595 0.06753864139318466 0.03697751462459564 0.08422111719846725 0.058510150760412216 24.1555233001709 0.03397061303257942
65 19040 0.6918159127235413 0.07582266628742218 0.031208481639623642 0.0642232671380043 0.03264518082141876 24.670490264892578 0.030223969370126724
65 19050 0.6917669773101807 0.06765220314264297 0.03342638537287712 0.08035385608673096 0.05080427601933479 24.70834732055664 0.03155778720974922
65 19060 0.6826005578041077 0.07239841669797897 0.05538977310061455 0.1269369125366211 0.09803672879934311 20.407575607299805 0.048386018723249435
66 19070 0.6839285492897034 0.06596945971250534 0.048527613282203674 0.10641057789325714 0.08642946183681488 21.692785263061523 0.04453699663281441
66 19080 0.6770300269126892 0.06779983639717102 0.05136144161224365 0.11292437463998795 0.09342492371797562 21.277902603149414 0.04475546255707741
67 19090 0.6795508861541748 0.07417140901088715 0.042440593242645264 0.10216040909290314 0.0773104876279831 22.353195190429688 0.03660186752676964
67 19100 0.6832131147384644 0.07107023149728775 0.03509743884205818 0.08324863016605377 0.06311576068401337 23.655900955200195 0.031188948079943657
68 19110 0.6862025856971741 0.06690036505460739 0.03628596290946007 0.0705786645412445 0.05664272978901863 23.900793075561523 0.0351378507912159
68 19120 0.6887261271476746 0.07043801993131638 0.033877141773700714 0.07623130828142166 0.05144118517637253 24.7836971282959 0.029718095436692238
68 19130 0.6886252760887146 0.07342882454395294 0.03709111735224724 0.085817851126194 0.05426657944917679 23.95311737060547 0.03403111547231674
69 19140 0.6826300024986267 0.07046438753604889 0.04393748939037323 0.10440590232610703 0.07743945717811584 21.881040573120117 0.04098263755440712
69 19150 0.6896874904632568 0.06853809207677841 0.032512273639440536 0.0761181116104126 0.055356331169605255 24.638734817504883 0.031065071001648903
70 19160 0.6867967844009399 0.06770814955234528 0.04308253526687622 0.09270603209733963 0.07036339491605759 23.142684936523438 0.03781800717115402
70 19170 0.6871277093887329 0.06951837241649628 0.031117718666791916 0.07625530660152435 0.04685279726982117 25.25698471069336 0.027791418135166168
70 19180 0.6853649616241455 0.06708880513906479 0.04165532439947128 0.09602805227041245 0.07408029586076736 22.389013290405273 0.034756649285554886
71 19190 0.6834093332290649 0.07161378115415573 0.03570336848497391 0.08484762907028198 0.06094815209507942 23.291528701782227 0.03314654156565666
71 19200 0.6888868808746338 0.06856783479452133 0.03328688442707062 0.0796537920832634 0.05027371272444725 25.13720703125 0.03157898411154747
72 19210 0.6871311664581299 0.06899137794971466 0.030132349580526352 0.06824377924203873 0.03052171878516674 27.019071578979492 0.02754158154129982
72 19220 0.6875993609428406 0.06964155286550522 0.037761181592941284 0.08804793655872345 0.0728113055229187 23.370132446289062 0.03325264900922775
73 19230 0.6871845126152039 0.0741070806980133 0.04150606691837311 0.09192654490470886 0.07743845134973526 22.131929397583008 0.03841441124677658
73 19240 0.6873167753219604 0.06921400874853134 0.04132172092795372 0.0968676283955574 0.07384127378463745 23.27444076538086 0.03507949411869049
73 19250 0.685021162033081 0.0705697163939476 0.03785359859466553 0.08796162158250809 0.06441079825162888 23.77664566040039 0.034873899072408676
74 19260 0.6865744590759277 0.07212655991315842 0.04978969693183899 0.11392217874526978 0.08584483712911606 21.341514587402344 0.04523937776684761
74 19270 0.6887096166610718 0.07504946738481522 0.03895178437232971 0.09314347058534622 0.0701032280921936 22.53363800048828 0.03529057279229164
75 19280 0.685065507888794 0.06535810232162476 0.0407731793820858 0.1009124144911766 0.08024096488952637 22.19487190246582 0.034655362367630005
75 19290 0.6855623722076416 0.07083383947610855 0.038451991975307465 0.08476638048887253 0.05486174672842026 23.98304557800293 0.03358056768774986
75 19300 0.6885963678359985 0.07254639267921448 0.032208383083343506 0.07900915294885635 0.0565887913107872 24.599828720092773 0.028507184237241745
76 19310 0.6847778558731079 0.06910675019025803 0.03359615057706833 0.0813802108168602 0.05889366939663887 23.784135818481445 0.03182539343833923
76 19320 0.6851751804351807 0.06727786362171173 0.042753562331199646 0.09780263155698776 0.08133718371391296 22.222599029541016 0.039075110107660294
77 19330 0.6886440515518188 0.07352102547883987 0.03805474936962128 0.09186720848083496 0.06583750993013382 23.587799072265625 0.03254431486129761
77 19340 0.6926671862602234 0.0789194330573082 0.030104205012321472 0.07456562668085098 0.04749606177210808 24.771080017089844 0.027704766020178795
78 19350 0.689743161201477 0.07718902081251144 0.035388194024562836 0.07562904804944992 0.05348580330610275 25.23664665222168 0.029651165008544922
78 19360 0.6906055212020874 0.07111164182424545 0.02707645855844021 0.06080997735261917 0.028841612860560417 27.9218807220459 0.025231588631868362
78 19370 0.6860872507095337 0.06892023980617523 0.040337108075618744 0.0917368233203888 0.06848090887069702 22.904348373413086 0.037816207855939865
79 19380 0.6883904933929443 0.07639338821172714 0.036508142948150635 0.0914403423666954 0.06542105227708817 23.75199317932129 0.03130694851279259
79 19390 0.6898680925369263 0.0709274560213089 0.033228397369384766 0.06693816184997559 0.04576108604669571 26.379919052124023 0.027754291892051697
80 19400 0.6870990991592407 0.06831744313240051 0.04188181087374687 0.09617483615875244 0.07293251901865005 23.047834396362305 0.03959677368402481
80 19410 0.685322642326355 0.0690513402223587 0.03651435300707817 0.09220636636018753 0.05813392251729965 23.01319694519043 0.0309674683958292
80 19420 0.6914646625518799 0.07288312166929245 0.03364790230989456 0.07574090361595154 0.05338417738676071 24.256534576416016 0.03240935876965523
81 19430 0.6912015080451965 0.07028594613075256 0.030499186366796494 0.06637896597385406 0.03937923163175583 26.170886993408203 0.026266835629940033
81 19440 0.6871541738510132 0.06916170567274094 0.04788575693964958 0.10577310621738434 0.07787030935287476 21.550052642822266 0.04330182448029518
82 19450 0.6839877367019653 0.06882771849632263 0.04177240654826164 0.09540455788373947 0.08053259551525116 23.00035285949707 0.03319159150123596
82 19460 0.6863257884979248 0.0681048259139061 0.03556368127465248 0.08329601585865021 0.05888951197266579 24.176488876342773 0.03250959888100624
83 19470 0.6877591609954834 0.07123798877000809 0.045673683285713196 0.10767040401697159 0.08611837029457092 21.6474609375 0.040939051657915115
83 19480 0.6854426860809326 0.0668817088007927 0.03535199165344238 0.08774171769618988 0.06404931843280792 23.436376571655273 0.03185205161571503
83 19490 0.6889365911483765 0.07531820982694626 0.03696989640593529 0.08581124991178513 0.05555032566189766 24.321195602416992 0.03184535726904869
84 19500 0.6828674077987671 0.06945197284221649 0.04050930589437485 0.09279188513755798 0.06315486878156662 22.951171875 0.03756287321448326
84 19510 0.6891576647758484 0.06339998543262482 0.04530932754278183 0.10765351355075836 0.08405538648366928 21.69148063659668 0.038773313164711
85 19520 0.68775874376297 0.06963316351175308 0.04181596636772156 0.09506295621395111 0.06548823416233063 23.488401412963867 0.034070830792188644
85 19530 0.6913959980010986 0.08250044286251068 0.036197222769260406 0.08383821696043015 0.0601055882871151 24.026580810546875 0.03210795670747757
85 19540 0.6856722831726074 0.06816311925649643 0.03957493603229523 0.09574877470731735 0.07893529534339905 22.28310203552246 0.03430360183119774
86 19550 0.6846814751625061 0.06724336743354797 0.03618651628494263 0.08403685688972473 0.06576977670192719 23.504409790039062 0.030688278377056122
86 19560 0.6872603893280029 0.06573385000228882 0.03346247971057892 0.0823901817202568 0.05517832562327385 23.687082290649414 0.029763542115688324
87 19570 0.6871947050094604 0.06735336035490036 0.034748565405607224 0.0793878361582756 0.05101456493139267 24.121952056884766 0.03321128711104393
87 19580 0.6855797171592712 0.062050338834524155 0.05507403612136841 0.12801235914230347 0.11722613126039505 20.659019470214844 0.04444006457924843
88 19590 0.6866188049316406 0.07107793539762497 0.04345264658331871 0.09716825932264328 0.06482107192277908 22.077075958251953 0.04089698567986488
88 19600 0.6859444379806519 0.07027324289083481 0.03763934597373009 0.08479198813438416 0.05869268625974655 24.039995193481445 0.033507611602544785
88 19610 0.6876586675643921 0.0747564435005188 0.02501850388944149 0.056065481156110764 0.033644285053014755 28.363399505615234 0.023576050996780396
89 19620 0.6839463710784912 0.07271141558885574 0.0439629852771759 0.10572200268507004 0.07424219697713852 22.38409423828125 0.038661133497953415
89 19630 0.6802225112915039 0.07144419848918915 0.03873272240161896 0.09335204213857651 0.07449554651975632 23.031885147094727 0.03310520574450493
90 19640 0.6775831580162048 0.07170970737934113 0.042332760989665985 0.09507592767477036 0.08598479628562927 22.47672462463379 0.036252595484256744
90 19650 0.688281774520874 0.06717614084482193 0.0398295521736145 0.0966532900929451 0.07726218551397324 22.533977508544922 0.03670570254325867
90 19660 0.6875439882278442 0.0684637799859047 0.04206114634871483 0.09011241048574448 0.05919355899095535 23.19793701171875 0.04036790877580643
91 19670 0.6884685754776001 0.06977427750825882 0.027883481234312057 0.06148047000169754 0.03328685835003853 26.75954818725586 0.026451800018548965
91 19680 0.6851495504379272 0.07047621160745621 0.03847602382302284 0.09234551340341568 0.06670278310775757 21.413999557495117 0.034658920019865036
92 19690 0.6881347298622131 0.0679427832365036 0.03909987211227417 0.09033658355474472 0.07449071109294891 23.081640243530273 0.03318938985466957
92 19700 0.6882470846176147 0.07544632256031036 0.03869711607694626 0.08593758195638657 0.06426571309566498 23.507497787475586 0.034484345465898514
93 19710 0.6810588836669922 0.07035040855407715 0.04041653499007225 0.09415338188409805 0.06690139323472977 22.77251625061035 0.03592549264431
93 19720 0.6901108026504517 0.06761445850133896 0.031145012006163597 0.0736801028251648 0.044363364577293396 25.100149154663086 0.029751859605312347
93 19730 0.6842867136001587 0.07050170004367828 0.031973421573638916 0.07649799436330795 0.04775848239660263 24.12886619567871 0.028040409088134766
94 19740 0.6866635084152222 0.07239202409982681 0.040009673684835434 0.09308227151632309 0.07206296920776367 23.16305923461914 0.03588317334651947
94 19750 0.6869227886199951 0.07402517646551132 0.04134248197078705 0.0928482934832573 0.060861341655254364 22.978668212890625 0.035117194056510925
95 19760 0.6862013339996338 0.0672847181558609 0.03954163193702698 0.09889543801546097 0.07459329068660736 22.58183479309082 0.036546818912029266
95 19770 0.6853311061859131 0.0640777051448822 0.04330882430076599 0.09764649718999863 0.08374040573835373 22.852968215942383 0.03605126217007637
95 19780 0.6842353343963623 0.07518477737903595 0.0343688502907753 0.08152541518211365 0.06218111142516136 23.250995635986328 0.03137688338756561
96 19790 0.6874644160270691 0.06765743345022202 0.04030085355043411 0.0935194343328476 0.07450418174266815 22.991783142089844 0.03470189869403839
96 19800 0.6778120994567871 0.06802298128604889 0.03715688735246658 0.08965573459863663 0.06200140342116356 22.762338638305664 0.03366502746939659
97 19810 0.6857681274414062 0.07034744322299957 0.04106645658612251 0.09864102303981781 0.0841880738735199 23.040584564208984 0.03673470392823219
97 19820 0.6850082874298096 0.06908484548330307 0.03667466714978218 0.08196788281202316 0.05844404920935631 23.966520309448242 0.03263844922184944
98 19830 0.6780678033828735 0.07314039766788483 0.046400971710681915 0.10576293617486954 0.08064159005880356 21.707059860229492 0.03976466879248619
98 19840 0.6842342019081116 0.06786339730024338 0.03447803482413292 0.0808618813753128 0.0588441863656044 24.241914749145508 0.029521247372031212
98 19850 0.6841183304786682 0.07247038185596466 0.04228154569864273 0.09564927965402603 0.0809193029999733 22.389057159423828 0.036595482379198074
99 19860 0.6851615905761719 0.07027385383844376 0.03491251915693283 0.07414790242910385 0.04476837441325188 23.441770553588867 0.03205874189734459
99 19870 0.6813892126083374 0.07339832931756973 0.04252190887928009 0.1021282896399498 0.0808257907629013 22.254512786865234 0.037592869251966476
100 19880 0.6860122084617615 0.07063064724206924 0.031403325498104095 0.08190347999334335 0.05458138883113861 24.002277374267578 0.028669150546193123
100 19890 0.6852166652679443 0.06744412332773209 0.03618483245372772 0.09155384451150894 0.06362122297286987 22.916839599609375 0.0316384993493557
100 19900 0.6921381950378418 0.06677599996328354 0.03384498879313469 0.07605156302452087 0.04907964542508125 25.120141983032227 0.029547125101089478
101 19910 0.6881120204925537 0.06592775136232376 0.037343256175518036 0.08351147919893265 0.06175045669078827 23.875579833984375 0.032638657838106155
101 19920 0.6837557554244995 0.07013551890850067 0.0449363999068737 0.10369942337274551 0.08072375506162643 21.868572235107422 0.03984059393405914
102 19930 0.688656747341156 0.07311789691448212 0.03321477398276329 0.08001673221588135 0.05381793901324272 24.65478515625 0.029432425275444984
102 19940 0.685261607170105 0.07749363034963608 0.03858039155602455 0.09726865589618683 0.0728166252374649 22.490907669067383 0.035184346139431
103 19950 0.6845417618751526 0.06130414828658104 0.04951317235827446 0.11403737217187881 0.08953225612640381 21.58374786376953 0.04059535637497902
103 19960 0.6876497268676758 0.07155290991067886 0.032791029661893845 0.07722710818052292 0.04676875099539757 25.13182258605957 0.029546629637479782
103 19970 0.689733624458313 0.06528269499540329 0.042994122952222824 0.09966687858104706 0.07514879107475281 22.591068267822266 0.03547094389796257
104 19980 0.690076470375061 0.07872308045625687 0.03897940367460251 0.08901041001081467 0.06261827796697617 23.274063110351562 0.036795519292354584
104 19990 0.6897798180580139 0.08118179440498352 0.0319131538271904 0.0804506242275238 0.0596633106470108 24.394182205200195 0.028678612783551216
105 20000 0.686308741569519 0.06992530822753906 0.042458221316337585 0.09764224290847778 0.07778747379779816 22.664474487304688 0.03553740680217743
105 20010 0.6872934103012085 0.07691632956266403 0.04650109261274338 0.10852425545454025 0.0816800594329834 21.625383377075195 0.04003467410802841
105 20020 0.684515655040741 0.06789898127317429 0.03635884076356888 0.08643395453691483 0.061914943158626556 22.975257873535156 0.032201703637838364
106 20030 0.6865087747573853 0.07285957783460617 0.03829473257064819 0.08855001628398895 0.0672522708773613 23.250232696533203 0.036288417875766754
106 20040 0.6850879192352295 0.06713339686393738 0.0348636694252491 0.07981893420219421 0.0529000423848629 23.97627067565918 0.029968105256557465
107 20050 0.6873404383659363 0.06845086812973022 0.03911338374018669 0.08976175636053085 0.07525002956390381 22.48493003845215 0.03734290972352028
107 20060 0.6811399459838867 0.07210955023765564 0.03933752328157425 0.09679458290338516 0.06856360286474228 22.666288375854492 0.03567913547158241
108 20070 0.6893916726112366 0.06910881400108337 0.02784457430243492 0.07054586708545685 0.04133817180991173 25.805831909179688 0.027203278616070747
108 20080 0.6808969974517822 0.06941644102334976 0.036708638072013855 0.08745517581701279 0.061481427401304245 23.528003692626953 0.03486160933971405
108 20090 0.6815727949142456 0.07426413148641586 0.043447595089673996 0.10082562267780304 0.0749303549528122 21.817121505737305 0.04255049675703049
109 20100 0.6861435174942017 0.06892887502908707 0.03604760393500328 0.0846063494682312 0.06031765416264534 23.672212600708008 0.034396037459373474
109 20110 0.6868051290512085 0.06833051890134811 0.043595343828201294 0.10026030987501144 0.0707337036728859 22.51339340209961 0.037895914167165756
110 20120 0.6902593374252319 0.07752504199743271 0.025082198902964592 0.05883486196398735 0.033436451107263565 27.878170013427734 0.022039372473955154
110 20130 0.689027726650238 0.07286091148853302 0.029743123799562454 0.06222531944513321 0.0353129617869854 27.164535522460938 0.025083664804697037
